##FastQC	0.10.1
>>Basic Statistics	pass
#Measure	Value	
Filename	SRR1002940.r2.temp.fq	
File type	Conventional base calls	
Encoding	Sanger / Illumina 1.9	
Total Sequences	10000	
Filtered Sequences	0	
Sequence length	100	
%GC	44	
>>END_MODULE
>>Per base sequence quality	pass
#Base	Mean	Median	Lower Quartile	Upper Quartile	10th Percentile	90th Percentile
1	31.526	31.0	31.0	34.0	30.0	34.0
2	31.6991	33.0	31.0	34.0	30.0	34.0
3	31.7274	33.0	31.0	34.0	30.0	34.0
4	35.2292	37.0	35.0	37.0	32.0	37.0
5	35.2598	37.0	35.0	37.0	33.0	37.0
6	35.1843	37.0	35.0	37.0	32.0	37.0
7	35.1802	37.0	35.0	37.0	32.0	37.0
8	35.135	37.0	35.0	37.0	32.0	37.0
9	36.7614	39.0	37.0	39.0	33.0	39.0
10-14	36.906639999999996	39.2	37.2	39.4	32.2	39.4
15-19	37.71398000000001	40.0	37.6	41.0	32.2	41.0
20-24	37.4514	40.0	37.0	41.0	31.8	41.0
25-29	37.08068	39.4	37.0	41.0	31.0	41.0
30-34	36.850139999999996	39.0	36.2	41.0	30.0	41.0
35-39	36.53034	39.0	36.0	41.0	29.8	41.0
40-44	36.16114	39.0	35.2	40.4	29.2	41.0
45-49	35.73116	39.0	35.0	40.0	27.4	41.0
50-54	35.104119999999995	38.4	34.4	39.8	26.6	40.6
55-59	35.4252	39.0	34.6	40.6	26.6	41.0
60-64	34.72886	38.0	34.0	40.0	25.8	41.0
65-69	33.82438	37.0	32.8	40.0	23.0	41.0
70-74	32.84284	35.6	32.0	39.0	20.2	40.8
75-79	31.73116	35.0	31.0	37.8	16.2	39.8
80-84	30.573220000000003	34.6	30.0	36.4	7.2	39.0
85-89	29.515139999999995	34.0	29.2	35.4	2.0	37.0
90-94	28.415380000000006	34.0	28.4	35.0	2.0	36.0
95-99	27.107939999999996	33.8	25.8	35.0	2.0	35.2
100	26.1392	33.0	25.0	35.0	2.0	35.0
>>END_MODULE
>>Per sequence quality scores	pass
#Quality	Count
2	24.0
3	7.0
4	4.0
5	10.0
6	10.0
7	14.0
8	17.0
9	24.0
10	35.0
11	30.0
12	36.0
13	40.0
14	44.0
15	40.0
16	41.0
17	47.0
18	55.0
19	63.0
20	57.0
21	71.0
22	83.0
23	104.0
24	99.0
25	104.0
26	142.0
27	146.0
28	167.0
29	179.0
30	258.0
31	301.0
32	335.0
33	491.0
34	584.0
35	851.0
36	1163.0
37	1669.0
38	1971.0
39	681.0
40	3.0
>>END_MODULE
>>Per base sequence content	pass
#Base	G	A	T	C
1	19.3335334734314	30.511357950565394	27.979585709996996	22.175522866006204
2	20.464557468962756	30.266319583500202	28.11373648378054	21.155386463756507
3	21.63812956843897	27.876239110844097	28.577150295384	21.908481025332932
4	23.115426969666633	27.02973270597657	27.52027229952948	22.33456802482731
5	22.394634097507257	28.57142857142857	27.760536590249274	21.273400740814896
6	22.61714056868242	27.863436123348016	26.57188626351622	22.947537044453345
7	22.036443732478975	27.513015618742493	28.39407288746496	22.056467761313574
8	20.684821786143374	28.233880656788145	28.77452943532239	22.306768121746096
9	21.115338406087307	28.053664397276734	27.953544253103722	22.87745294353224
10-14	21.628386631690663	27.86799895872965	28.47874406776267	22.024870341817014
15-19	21.483217175358487	27.467355603620923	28.757109669150044	22.292317551870543
20-24	21.818618714832095	27.27327339354012	28.805142273573757	22.10296561805403
25-29	21.563288351419533	27.105273695591237	28.51079165498739	22.820646298001844
30-34	21.97162240589165	26.794612659849104	28.875903059897134	22.357861874362104
35-39	21.903141885131078	26.98619171502902	28.711226736041624	22.39943966379828
40-44	21.793255278695085	27.068948263784648	28.509956969878914	22.62783948764135
45-49	21.78168281162437	27.14754623328797	28.700664478424464	22.3701064766632
50-54	21.757573332266197	27.24998999559806	28.388490936011845	22.603945736123894
55-59	21.605074131135076	27.271454010684486	28.203845615158368	22.91962624302207
60-64	22.18554308464878	26.931156593241703	28.257607586579436	22.62569273553008
65-69	21.636654661864746	27.54501800720288	28.045218087234897	22.77310924369748
70-74	21.628488546563972	27.39421826547964	28.560568170451134	22.41672501750525
75-79	21.873499759961593	27.44639142262762	28.242518803008483	22.437590014402303
80-84	21.804977592829704	27.384763124199747	28.45310499359795	22.3571542893726
85-89	21.644224805426063	27.102298873571957	28.386786979052044	22.866689341949943
90-94	21.7796627123052	26.957008822293798	28.24534378938524	23.017984676015764
95-99	21.96639327865573	27.249449889977996	28.131626325265053	22.652530506101222
100	22.284456891378277	27.20544108821764	28.175635127025405	22.334466893378675
>>END_MODULE
>>Per base GC content	pass
#Base	%GC
1	41.509056339437606
2	41.61994393271926
3	43.54661059377191
4	45.44999499449394
5	43.66803483832216
6	45.564677613135764
7	44.092911493792556
8	42.99158990788946
9	43.992791349619544
10-14	43.65325697350768
15-19	43.77553472722903
20-24	43.92158433288612
25-29	44.38393464942138
30-34	44.32948428025376
35-39	44.30258154892936
40-44	44.42109476633643
45-49	44.15178928828757
50-54	44.361519068390095
55-59	44.52470037415714
60-64	44.811235820178865
65-69	44.40976390556223
70-74	44.04521356406922
75-79	44.3110897743639
80-84	44.1621318822023
85-89	44.510914147376
90-94	44.79764738832097
95-99	44.61892378475695
100	44.61892378475695
>>END_MODULE
>>Per sequence GC content	fail
#GC Content	Count
0	0.0
1	0.0
2	0.0
3	0.0
4	0.0
5	0.5
6	1.5
7	1.0
8	0.5
9	0.5
10	0.0
11	0.0
12	1.0
13	1.5
14	1.0
15	1.5
16	2.0
17	4.0
18	9.0
19	17.5
20	23.0
21	31.0
22	40.5
23	59.0
24	69.0
25	85.0
26	119.0
27	141.0
28	170.0
29	197.0
30	238.0
31	281.0
32	298.5
33	321.5
34	338.5
35	328.5
36	327.5
37	341.0
38	321.0
39	286.5
40	276.5
41	293.5
42	310.5
43	288.0
44	243.5
45	208.5
46	202.0
47	209.0
48	196.0
49	187.5
50	189.5
51	179.0
52	176.5
53	189.0
54	183.0
55	192.0
56	226.5
57	236.5
58	228.0
59	212.5
60	194.0
61	171.0
62	161.5
63	152.5
64	117.0
65	100.0
66	107.5
67	100.0
68	90.0
69	81.5
70	65.5
71	51.0
72	33.5
73	22.0
74	18.0
75	10.5
76	5.5
77	5.5
78	6.0
79	5.5
80	5.5
81	3.5
82	1.0
83	1.5
84	1.0
85	0.5
86	0.5
87	0.0
88	0.5
89	1.0
90	0.5
91	0.0
92	0.5
93	0.5
94	0.0
95	0.0
96	0.0
97	0.0
98	0.0
99	0.0
100	0.0
>>END_MODULE
>>Per base N content	pass
#Base	N-Count
1	0.06999999999999999
2	0.12
3	0.13
4	0.11
5	0.11
6	0.12
7	0.12
8	0.12
9	0.12
10-14	0.122
15-19	0.136
20-24	0.122
25-29	0.108
30-34	0.062
35-39	0.06
40-44	0.06999999999999999
45-49	0.07200000000000001
50-54	0.044000000000000004
55-59	0.042
60-64	0.034
65-69	0.04
70-74	0.03
75-79	0.016
80-84	0.032
85-89	0.038
90-94	0.026
95-99	0.02
100	0.02
>>END_MODULE
>>Sequence Length Distribution	pass
#Length	Count
100	10000.0
>>END_MODULE
>>Sequence Duplication Levels	pass
#Total Duplicate Percentage	14.63
#Duplication Level	Relative count
1	100.0
2	6.993088907110226
3	0.6208269884034204
4	0.10542345086095818
5	0.04685486704931475
6	0.011713716762328687
7	0.011713716762328687
8	0.011713716762328687
9	0.011713716762328687
10++	0.023427433524657374
>>END_MODULE
>>Overrepresented sequences	warn
#Sequence	Count	Percentage	Possible Source
TAGGGGTTAGGGTTAGGGTTAGGGGTTAGGGTTAGGGTTAGGGGTTAGGG	13	0.13	No Hit
TTAGGGGTTAGGGTTAGGGTTAGGGGTTAGGGTTAGGGTTAGGGGTTAGG	11	0.11	No Hit
>>END_MODULE
>>Kmer Content	warn
#Sequence	Count	Obs/Exp Overall	Obs/Exp Max	Max Obs/Exp Position
CCCAG	2470	3.856031	9.741146	3
AAAAA	5690	3.8351145	4.8526664	5
GGGTT	2850	3.6094472	7.294579	9
TAGGG	2685	3.5440383	6.968992	7
CCAGG	2110	3.4185584	7.7764907	4
CCTCC	2355	3.3990626	6.234963	1
GGCCC	1640	3.2476523	7.603942	2
CTGGG	1990	3.2104974	4.6461544	1
GCCTC	2125	3.1830552	5.751728	9
CCTGG	1980	3.0779917	5.223041	6
GGAGG	1755	3.0624685	4.6065984	95-96
GGCAG	1805	3.0349724	7.263454	9
TTTTT	5530	3.031096	4.104141	10-14
AGGGT	2295	3.0292618	8.869626	8
GGGAG	1725	3.0101187	5.02538	8
GGGGG	1275	2.822194	6.3745723	95-96
AGGGG	1615	2.818169	6.7005067	2
CAGGC	1730	2.8028939	6.998842	8
GGTTA	2660	2.6558	5.2714434	4
GCTGG	1615	2.6055043	5.4205136	8
ACCCT	2170	2.562494	5.101158	1
CAGCC	1620	2.5290568	5.245232	6
GGGCC	1220	2.507278	6.905003	95-96
CCCTA	2115	2.4975462	5.6679535	2
GGGGT	1455	2.4361234	7.2327247	3
GGTGG	1435	2.4026368	5.625452	3
GCCCA	1510	2.3573306	5.2452326	2
GTGGG	1385	2.3189216	6.4290886	6
CCCAC	1535	2.3090584	5.0541453	1
AGAGG	1610	2.2148192	5.2823305	7
CAGGA	1645	2.1805263	5.089892	8
AGAGA	2005	2.1744263	5.205392	5
GGGGC	995	2.1221828	5.1186194	1
GCCCC	1085	2.0703247	5.495195	8
GAGAG	1475	2.0291047	6.602913	4
TGGGC	1210	1.9521117	6.194873	2
AGCCA	1310	1.6732074	5.5175223	7
GAAGG	1215	1.6714319	5.9426217	6
GCCAC	900	1.4050314	5.245232	8
TGGAA	1300	1.3527431	5.4939895	4
>>END_MODULE
