##FastQC	0.10.1
>>Basic Statistics	pass
#Measure	Value	
Filename	SRR1002940.r1.temp.fq	
File type	Conventional base calls	
Encoding	Sanger / Illumina 1.9	
Total Sequences	10000	
Filtered Sequences	0	
Sequence length	100	
%GC	44	
>>END_MODULE
>>Per base sequence quality	pass
#Base	Mean	Median	Lower Quartile	Upper Quartile	10th Percentile	90th Percentile
1	32.1241	33.0	31.0	34.0	31.0	34.0
2	32.4109	34.0	31.0	34.0	31.0	34.0
3	32.5417	34.0	31.0	34.0	31.0	34.0
4	36.1183	37.0	35.0	37.0	35.0	37.0
5	35.9818	37.0	35.0	37.0	35.0	37.0
6	35.9711	37.0	35.0	37.0	35.0	37.0
7	35.9381	37.0	35.0	37.0	35.0	37.0
8	35.9539	37.0	35.0	37.0	35.0	37.0
9	37.6103	39.0	37.0	39.0	35.0	39.0
10-14	37.7702	39.2	37.2	39.4	34.8	39.4
15-19	38.685140000000004	40.0	38.0	41.0	34.2	41.0
20-24	38.426300000000005	40.0	38.0	41.0	33.8	41.0
25-29	38.08626	40.0	38.0	41.0	33.2	41.0
30-34	37.855900000000005	40.0	37.8	41.0	33.0	41.0
35-39	37.57021999999999	40.0	37.2	41.0	32.2	41.0
40-44	37.31836	40.0	37.0	41.0	31.8	41.0
45-49	36.90172	39.4	36.2	41.0	30.8	41.0
50-54	36.106280000000005	39.0	35.0	40.0	28.8	41.0
55-59	35.49232000000001	38.2	34.4	40.0	27.8	41.0
60-64	34.740300000000005	37.8	33.8	40.0	26.0	41.0
65-69	33.81684	36.6	32.6	39.6	24.8	41.0
70-74	32.67773999999999	35.2	31.6	38.6	22.4	40.0
75-79	31.31236	34.2	30.4	36.8	20.0	39.2
80-84	31.29036	34.6	31.0	36.2	19.4	38.4
85-89	30.20428	34.0	30.0	35.2	12.8	36.8
90-94	29.16702	34.0	29.2	35.0	3.0	36.0
95-99	27.92154	34.0	28.0	35.0	2.0	35.0
100	26.9374	33.0	27.0	35.0	2.0	35.0
>>END_MODULE
>>Per sequence quality scores	pass
#Quality	Count
5	1.0
6	1.0
7	2.0
8	4.0
9	6.0
10	11.0
11	18.0
12	20.0
13	26.0
14	36.0
15	37.0
16	33.0
17	47.0
18	51.0
19	39.0
20	68.0
21	61.0
22	80.0
23	52.0
24	72.0
25	85.0
26	133.0
27	134.0
28	159.0
29	190.0
30	218.0
31	305.0
32	349.0
33	505.0
34	653.0
35	882.0
36	1302.0
37	1868.0
38	2083.0
39	469.0
>>END_MODULE
>>Per base sequence content	warn
#Base	G	A	T	C
1	21.43572286744093	31.347617140568683	27.152583099719664	20.064076892270723
2	21.824364872974595	30.49609921984397	27.1754350870174	20.504100820164034
3	23.200000000000003	28.87	28.09	19.84
4	23.97	28.59	26.8	20.64
5	24.01	30.209999999999997	25.66	20.119999999999997
6	24.11	29.299999999999997	25.1	21.490000000000002
7	22.24	28.82	27.950000000000003	20.990000000000002
8	22.55	28.67	27.839999999999996	20.94
9	22.34	28.810000000000002	27.76	21.09
10-14	22.771187966315285	28.602004280599285	27.323825335546974	21.302982417538455
15-19	22.208	28.704	27.651999999999997	21.436
20-24	22.5	28.494000000000003	27.456000000000003	21.55
25-29	22.63701509267785	28.239721365947396	27.525121101725446	21.59814243964931
30-34	22.756673408494706	28.30366261489477	27.494643250495628	21.445020726114905
35-39	22.887246359393465	28.087254371732467	27.570458506099392	21.455040762774676
40-44	22.799743620558427	28.800624924888833	26.99194808316308	21.40768337138966
45-49	22.505707533944808	28.4275243321184	27.312051908519248	21.75471622541755
50-54	22.370269294056268	28.438415539591443	27.384917927519364	21.806397238832925
55-59	22.319887617900864	28.42063014248445	27.256672687136263	22.00280955247843
60-64	22.800296837080566	28.480314486852926	26.715337251047956	22.004051425018552
65-69	23.03806602922605	28.73694549682282	26.85870066349951	21.36628781045162
70-74	22.739116491621903	28.591758197707044	26.85801330874689	21.811112001924158
75-79	22.831489498156166	28.51130351130351	27.116402116402117	21.54080487413821
80-84	22.899003868278115	28.683382438418214	26.815384923736797	21.60222876956687
85-89	22.649487015068935	28.574863738377687	27.15613978839372	21.619509458159666
90-94	23.14503205128205	28.60576923076923	26.955128205128204	21.29407051282051
95-99	22.8418563642193	28.620952228278295	27.043924334722668	21.493267072779737
100	23.436873747494992	27.5751503006012	26.803607214428858	22.184368737474948
>>END_MODULE
>>Per base GC content	pass
#Base	%GC
1	41.49979975971165
2	42.328465693138625
3	43.04
4	44.61
5	44.13
6	45.6
7	43.230000000000004
8	43.49
9	43.43
10-14	44.07417038385374
15-19	43.644
20-24	44.05
25-29	44.23515753232716
30-34	44.20169413460961
35-39	44.34228712216814
40-44	44.20742699194808
45-49	44.26042375936236
50-54	44.17666653288919
55-59	44.322697170379286
60-64	44.80434826209912
65-69	44.404353839677675
70-74	44.55022849354606
75-79	44.37229437229438
80-84	44.50123263784499
85-89	44.2689964732286
90-94	44.43910256410256
95-99	44.335123436999034
100	45.62124248496994
>>END_MODULE
>>Per sequence GC content	fail
#GC Content	Count
0	0.0
1	0.0
2	0.0
3	0.0
4	0.0
5	0.5
6	1.5
7	1.0
8	1.0
9	1.5
10	1.0
11	1.0
12	2.0
13	2.5
14	1.5
15	1.0
16	1.0
17	5.5
18	12.0
19	15.0
20	21.0
21	27.5
22	42.0
23	63.5
24	74.5
25	103.5
26	130.5
27	141.0
28	158.5
29	178.5
30	223.5
31	271.5
32	296.5
33	326.0
34	336.0
35	312.5
36	341.5
37	358.0
38	319.0
39	286.0
40	280.5
41	298.5
42	305.5
43	273.0
44	226.5
45	207.0
46	194.0
47	207.0
48	223.0
49	212.5
50	202.0
51	183.0
52	172.0
53	187.0
54	180.0
55	182.5
56	224.5
57	232.5
58	205.5
59	203.0
60	203.5
61	187.5
62	182.0
63	164.0
64	123.5
65	103.0
66	102.0
67	95.0
68	91.5
69	83.0
70	64.0
71	45.5
72	32.5
73	23.5
74	11.5
75	5.0
76	3.5
77	3.5
78	2.5
79	3.0
80	2.5
81	1.5
82	1.0
83	0.0
84	1.0
85	1.5
86	1.0
87	1.0
88	1.0
89	0.5
90	0.0
91	0.0
92	0.0
93	0.5
94	0.5
95	0.0
96	0.0
97	0.0
98	0.0
99	0.0
100	0.0
>>END_MODULE
>>Per base N content	pass
#Base	N-Count
1	0.12
2	0.02
3	0.0
4	0.0
5	0.0
6	0.0
7	0.0
8	0.0
9	0.0
10-14	0.013999999999999999
15-19	0.0
20-24	0.0
25-29	0.084
30-34	0.126
35-39	0.154
40-44	0.148
45-49	0.132
50-54	0.332
55-59	0.33999999999999997
60-64	0.28200000000000003
65-69	0.22599999999999998
70-74	0.216
75-79	0.208
80-84	0.214
85-89	0.192
90-94	0.16
95-99	0.192
100	0.2
>>END_MODULE
>>Sequence Length Distribution	pass
#Length	Count
100	10000.0
>>END_MODULE
>>Sequence Duplication Levels	pass
#Total Duplicate Percentage	15.41
#Duplication Level	Relative count
1	100.0
2	7.542262678803641
3	0.662016786854238
4	0.1063955550301454
5	0.03546518501004847
6	0.0
7	0.0
8	0.011821728336682822
9	0.0
10++	0.023643456673365645
>>END_MODULE
>>Overrepresented sequences	warn
#Sequence	Count	Percentage	Possible Source
TTAGGGGTTAGGGTTAGGGTTAGGGGTTAGGGTTAGGGTTAGGGGTTAGG	20	0.2	No Hit
TAGGGGTTAGGGTTAGGGTTAGGGGTTAGGGTTAGGGTTAGGGGTTAGGG	18	0.18	No Hit
>>END_MODULE
>>Kmer Content	warn
#Sequence	Count	Obs/Exp Overall	Obs/Exp Max	Max Obs/Exp Position
AACCC	3180	4.0602593	6.7347507	9
CCCTA	2815	3.801216	6.4750977	5
GAGGC	2570	3.6444411	4.9096465	50-54
ACCCT	2670	3.605416	4.534836	2
CTGGG	2390	3.5843732	5.0365453	2
CCTGG	2170	3.452835	6.103913	5
TTTTT	4515	3.268523	4.8598633	9
CCCAG	2030	3.2403758	6.1233845	8
CCTAA	3165	3.2221398	4.8817205	6
CCTCC	1770	3.1702309	5.5853496	95-96
GCCTG	1990	3.1664248	5.340924	4
GGAGG	2335	3.1209292	4.2346854	60-64
AAAAA	5690	3.113282	4.466931	1
CCAGG	2060	3.0993154	5.050086	7
GCCTC	1785	3.0133882	4.8594546	70-74
CCCCT	1675	3.0000775	6.0119853	6
GGGAG	2220	2.967222	5.7682195	4
GGGCC	1485	2.7931724	6.316678	2
CTCCC	1555	2.7851462	5.1531296	6
GGCTG	1755	2.6320398	5.034027	5
GGGGG	1575	2.6317844	6.4132643	95-96
TAGGG	2240	2.5327353	5.9729466	1
CCCTG	1415	2.3887641	5.6665287	7
GGCCA	1495	2.2492604	5.7715273	9
ACCCC	1315	2.2270288	6.4966917	5
AGGGG	1640	2.1920018	7.0535727	2
GCCCC	1005	2.1278396	5.076274	5
TGGGC	1370	2.0546408	5.04159	1
GGGGT	1300	1.8376294	5.42259	3
GCTGT	1345	1.7064061	5.475261	6
CCTGA	1325	1.6863948	5.492728	7
GGGTC	910	1.3647614	5.034027	4
GGGTG	925	1.307544	5.42259	6
>>END_MODULE
